1.464334426040963200e+00
1.548565313115453923e-01
-6.631968299137559475e-01
-1.339513545349533707e+00
-1.558498545348069309e+00
-1.264281418743159247e+00
2.890194414080704544e+00
-4.147407440535863521e-01
-4.447563137737349792e-01
-1.192320134672456532e-02
-1.858188999157995625e+00
-7.752167755167297392e-01
-8.320976605582243169e-01
-5.872651991583267561e-01
-8.585293858446856330e-01
2.203051255624192961e-01
6.505818011319904892e-01
-1.278378921042746252e-01
-7.857504626020115346e-01
1.260245465241693008e+00
-1.529969060587317575e-01
-4.455755888044491408e-01
-6.611645811799201633e-01
-2.247134591729206543e-01
-4.912910296690262135e-02
2.033326789943041280e-01
-3.949144567783953175e-01
8.386990502249712653e-01
-2.660923033526115589e+00
1.651748248104093042e+00
1.570598023589333980e+00
-7.659847955995353619e-01
-1.263161759444971555e+00
2.141984069773263805e-02
9.085351978855152888e-01
-2.516611546177003889e-01
-7.270084221498276378e-01
5.129217831679292461e-01
1.264774026194405820e+00
-6.895238726736311330e-01
1.160695399885850243e+00
-1.136767826856601715e+00
-7.340858520212834026e-01
6.268804023936385139e-01
-1.359344104566405920e-01
1.126425011917544516e+00
3.769874541204213947e-01
-7.477307761596263536e-01
-1.456084667255273191e+00
8.704497216545973304e-01
-9.489654153198991970e-01
-8.804813358366312404e-01
6.915072265450633582e-02
-9.290923747607585659e-01
3.686115044210483971e-01
-8.990862867127947800e-01
-1.203068028075728213e+00
-1.698179282409409740e+00
-1.174249539860575453e+00
1.900519300789859978e+00
-3.164169477202345426e-01
1.276182216399973424e+00
1.070005388281530578e+00
-1.213685856590850598e+00
1.732497266458975060e+00
-4.696081948408920570e-01
-4.381024844111320315e-01
4.243642938787109964e-01
-1.555942270807347150e+00
-1.161220595843847070e+00
-1.482600608979738055e-01
3.183440647638605125e-01
3.527550068722332122e-01
-4.946634624018974580e-01
6.299509292426416218e-01
6.716801185885445946e-01
-1.288254654834973589e+00
1.392342189525697327e+00
8.924796284211422570e-01
1.323928731895159805e+00
-1.465178093901872147e+00
6.850845132651625091e-01
1.699446154977038714e-01
4.346492548989807497e-02
1.157615676713343422e+00
-8.500555790173354165e-01
-4.987583996446653400e-01
3.595596501147578783e-01
-4.083876817845392138e-01
6.757592959806727473e-01
2.569247173526272299e-01
-1.229748436480512019e+00
7.914109463995810945e-01
2.705364329729646133e+00
8.982913452387403241e-01
-2.267343246711903820e-02
-1.552259777882944780e+00
-1.412496300859493292e+00
3.021089653596208124e-02
9.357466667877568922e-02
